1359348, 0b101001011110111110100, [2, 4, 1, 2, 7, 5, 4]
3389940, 0b1100111011100111110100, [2, 4, 1, 2, 7, 5, 5]
3390964, 0b1100111011110111110100, [2, 4, 1, 2, 7, 5, 5]
3406324, 0b1100111111100111110100, [2, 4, 1, 2, 7, 5, 5]
3456500, 0b1101001011110111110100, [2, 4, 1, 2, 7, 5, 4]
3652084, 0b1101111011100111110100, [2, 4, 1, 2, 7, 5, 4]
3653108, 0b1101111011110111110100, [2, 4, 1, 2, 7, 5, 4]
3914228, 0b1110111011100111110100, [2, 4, 1, 2, 7, 5, 7]
3915252, 0b1110111011110111110100, [2, 4, 1, 2, 7, 5, 7]
4176372, 0b1111111011100111110100, [2, 4, 1, 2, 7, 5, 6]
4177396, 0b1111111011110111110100, [2, 4, 1, 2, 7, 5, 6]
4374004, 0b10000101011110111110100, [2, 4, 1, 2, 7, 5, 5]
4636148, 0b10001101011110111110100, [2, 4, 1, 2, 7, 5, 2]
4898292, 0b10010101011110111110100, [2, 4, 1, 2, 7, 5, 1, 1]
